23 52
35 567
43 815
45 101
46 19
51 861
58 438
66 463
103 648
116 91
121 427
133 873
146 844
148 802
163 988
182 47
194 921
217 357
229 139
232 451
262 391
263 953
279 524
295 63
309 897
313 844
318 618
320 564
359 309
366 326
370 240
378 460
395 951
414 597
417 394
418 16
427 417
427 418
433 127
447 0
449 14
459 89
466 148
474 591
482 130
535 359
540 853
546 842
548 333
550 351
552 710
556 482
574 475
574 543
575 315
578 820
580 165
607 821
615 360
625 351
629 487
632 483
638 355
649 354
679 453
683 354
692 817
705 403
708 835
720 716
721 831
738 125
744 343
748 552
757 376
766 884
780 305
818 786
819 88
823 829
835 199
845 398
856 731
863 408
863 834
872 508
877 582
881 932
897 846
902 988
923 541
927 442
928 801
936 319
939 634
954 241
966 986
972 247
978 829
986 335
